Reading input file: input.txt

Parsing mesh data...
	Number of nodes: 4
	Number of elements: 3
	Node coordinates:
		Node 1 at position 10.0
		Node 2 at position 30.0
		Node 3 at position 20.0
		Node 4 at position 0.0
	Element connectivity:
		1 	 4 	 1
		2 	 1 	 3
		3 	 3 	 2


Parsing material properties...
	Young's Modulus: 10000000.0
	Height: 1.339
	Width: 0.5

Parsing constraints...
	Number of constraints: 4
	Zeroed DOFs: [1, 5, 3, 4]

Parsing point loads...
	Number of point loads: 1
	Point load coordinates (by DoF): [(7, 5.0)]

2nd Moment of Area for Rectangular Cross-Section: 0.10003

Assembling global stiffness matrix...
	Element 1 Assembly Vector: [6, 7, 0, 1]
	Element 1 Length: 10.0
	Element 1 Local Stiffness Matrix:
[[ 12003.606095  60018.030475 -12003.606095  60018.030475]
 [ 60018.030475 400120.203167 -60018.030475 200060.101583]
 [-12003.606095 -60018.030475  12003.606095 -60018.030475]
 [ 60018.030475 200060.101583 -60018.030475 400120.203167]]

	Element 2 Assembly Vector: [0, 1, 4, 5]
	Element 2 Length: 10.0
	Element 2 Local Stiffness Matrix:
[[ 12003.606095  60018.030475 -12003.606095  60018.030475]
 [ 60018.030475 400120.203167 -60018.030475 200060.101583]
 [-12003.606095 -60018.030475  12003.606095 -60018.030475]
 [ 60018.030475 200060.101583 -60018.030475 400120.203167]]

	Element 3 Assembly Vector: [4, 5, 2, 3]
	Element 3 Length: 10.0
	Element 3 Local Stiffness Matrix:
[[ 12003.606095  60018.030475 -12003.606095  60018.030475]
 [ 60018.030475 400120.203167 -60018.030475 200060.101583]
 [-12003.606095 -60018.030475  12003.606095 -60018.030475]
 [ 60018.030475 200060.101583 -60018.030475 400120.203167]]

Global Stiffness Matrix:
[[ 24007.21219       0.            0.            0.       -12003.606095  60018.030475 -12003.606095 -60018.030475]
 [     0.       800240.406333      0.            0.       -60018.030475 200060.101583  60018.030475 200060.101583]
 [     0.            0.        12003.606095 -60018.030475 -12003.606095 -60018.030475      0.            0.      ]
 [     0.            0.       -60018.030475 400120.203167  60018.030475 200060.101583      0.            0.      ]
 [-12003.606095 -60018.030475 -12003.606095  60018.030475  24007.21219       0.            0.            0.      ]
 [ 60018.030475 200060.101583 -60018.030475 200060.101583      0.       800240.406333      0.            0.      ]
 [-12003.606095  60018.030475      0.            0.            0.            0.        12003.606095  60018.030475]
 [-60018.030475 200060.101583      0.            0.            0.            0.        60018.030475 400120.203167]]

Applying constraints to global stiffness matrix...
Constrained Global Stiffness Matrix:
[[ 1.000000e+30  0.000000e+00  0.000000e+00  0.000000e+00 -1.200361e+04  6.001803e+04 -1.200361e+04 -6.001803e+04]
 [ 0.000000e+00  8.002404e+05  0.000000e+00  0.000000e+00 -6.001803e+04  2.000601e+05  6.001803e+04  2.000601e+05]
 [ 0.000000e+00  0.000000e+00  1.000000e+30 -6.001803e+04 -1.200361e+04 -6.001803e+04  0.000000e+00  0.000000e+00]
 [ 0.000000e+00  0.000000e+00 -6.001803e+04  1.000000e+30  6.001803e+04  2.000601e+05  0.000000e+00  0.000000e+00]
 [-1.200361e+04 -6.001803e+04 -1.200361e+04  6.001803e+04  1.000000e+30  0.000000e+00  0.000000e+00  0.000000e+00]
 [ 6.001803e+04  2.000601e+05 -6.001803e+04  2.000601e+05  0.000000e+00  8.002404e+05  0.000000e+00  0.000000e+00]
 [-1.200361e+04  6.001803e+04  0.000000e+00  0.000000e+00  0.000000e+00  0.000000e+00  1.200361e+04  6.001803e+04]
 [-6.001803e+04  2.000601e+05  0.000000e+00  0.000000e+00  0.000000e+00  0.000000e+00  6.001803e+04  4.001202e+05]]

Global Load Vector:
[[0.]
 [0.]
 [0.]
 [0.]
 [0.]
 [0.]
 [5.]
 [0.]]

Solving for Beam Degrees of Freedom...
DoF Vector:
[[ 0.      ]
 [-0.000143]
 [ 0.      ]
 [-0.      ]
 [-0.      ]
 [ 0.000036]
 [ 0.003094]
 [-0.000393]]

Presenting results...
Displacement at Node 1 (x = 10.0):
	Deflection: 1.14286e-29
	Rotation: -0.000142814

Displacement at Node 2 (x = 30.0):
	Deflection: 2.14286e-30
	Rotation: -7.14286e-30

Displacement at Node 3 (x = 20.0):
	Deflection: -8.57143e-30
	Rotation: 3.57036e-05

Displacement at Node 4 (x = 0.0):
	Deflection: 0.00309431
	Rotation: -0.000392739

Exiting...

