Reading input file: input.txt

Parsing mesh data...
	Number of nodes: 4
	Number of elements: 3
	Node coordinates:
		Node 1 at position 10.0
		Node 2 at position 30.0
		Node 3 at position 20.0
		Node 4 at position 0.0
	Element connectivity:
		1 	 4 	 1
		2 	 1 	 3
		3 	 3 	 2


Parsing material properties...
	Young's Modulus: 10000000.0
	Height: 1.339
	Width: 0.5

Parsing constraints...
	Number of constraints: 4
	Zeroed DOFs: [1, 5, 3, 4]

Parsing point loads...
	Number of point loads: 1
	Point load coordinates (by DoF): [(7, 5.0)]

2nd Moment of Area for Rectangular Cross-Section: 0.10003

Assembling global stiffness matrix...
	Element 1 Assembly Vector: [6, 7, 0, 1]
	Element 1 Length: 10.0
	Element 1 Local Stiffness Matrix:
[[ 12003.606095    60018.030475   -12003.606095    60018.030475  ]
 [ 60018.030475   400120.20316667 -60018.030475   200060.10158333]
 [-12003.606095   -60018.030475    12003.606095   -60018.030475  ]
 [ 60018.030475   200060.10158333 -60018.030475   400120.20316667]]

	Element 2 Assembly Vector: [0, 1, 4, 5]
	Element 2 Length: 10.0
	Element 2 Local Stiffness Matrix:
[[ 12003.606095    60018.030475   -12003.606095    60018.030475  ]
 [ 60018.030475   400120.20316667 -60018.030475   200060.10158333]
 [-12003.606095   -60018.030475    12003.606095   -60018.030475  ]
 [ 60018.030475   200060.10158333 -60018.030475   400120.20316667]]

	Element 3 Assembly Vector: [4, 5, 2, 3]
	Element 3 Length: 10.0
	Element 3 Local Stiffness Matrix:
[[ 12003.606095    60018.030475   -12003.606095    60018.030475  ]
 [ 60018.030475   400120.20316667 -60018.030475   200060.10158333]
 [-12003.606095   -60018.030475    12003.606095   -60018.030475  ]
 [ 60018.030475   200060.10158333 -60018.030475   400120.20316667]]

Global Stiffness Matrix:
[[ 24007.21219         0.              0.              0.
  -12003.606095    60018.030475   -12003.606095   -60018.030475  ]
 [     0.         800240.40633333      0.              0.
  -60018.030475   200060.10158333  60018.030475   200060.10158333]
 [     0.              0.          12003.606095   -60018.030475
  -12003.606095   -60018.030475        0.              0.        ]
 [     0.              0.         -60018.030475   400120.20316667
   60018.030475   200060.10158333      0.              0.        ]
 [-12003.606095   -60018.030475   -12003.606095    60018.030475
   24007.21219         0.              0.              0.        ]
 [ 60018.030475   200060.10158333 -60018.030475   200060.10158333
       0.         800240.40633333      0.              0.        ]
 [-12003.606095    60018.030475        0.              0.
       0.              0.          12003.606095    60018.030475  ]
 [-60018.030475   200060.10158333      0.              0.
       0.              0.          60018.030475   400120.20316667]]

